{
    "matrix": [
        [
            0.0,
            1269190.633,
            3243408.148,
            657659.49,
            1613078.582,
            1488308.678,
            3321476.106,
            1594913.681,
            3428481.169,
            477029.758,
            1760821.091,
            2894182.75,
            2245822.6,
            2213140.004,
            1148267.76,
            845319.37
        ],
        [
            1269190.633,
            0.0,
            4490929.729,
            1926979.737,
            2860600.162,
            2485637.867,
            4590796.353,
            343146.265,
            4676002.75,
            1529209.373,
            2622400.256,
            3946362.365,
            3493344.181,
            2061967.581,
            1391798.248,
            1914537.577
        ],
        [
            3243408.148,
            4490929.729,
            0.0,
            3099724.102,
            1635529.913,
            2310130.101,
            1826700.641,
            4814637.339,
            613236.255,
            2933467.24,
            2487218.883,
            597379.097,
            1108496.82,
            4393243.585,
            3497422.294,
            2601434.088
        ],
        [
            657659.49,
            1926979.737,
            3099724.102,
            0.0,
            1470908.848,
            1511920.129,
            2665285.288,
            2250592.824,
            3286311.435,
            860594.844,
            1894842.635,
            2885223.902,
            2103652.866,
            2878034.055,
            1813161.811,
            703149.636
        ],
        [
            1613078.582,
            2860600.162,
            1635529.913,
            1470908.848,
            0.0,
            1414332.637,
            2141305.538,
            3185787.104,
            2039726.738,
            1365774.249,
            1798490.536,
            1462650.324,
            857068.169,
            3317364.898,
            2252492.654,
            967822.85
        ],
        [
            1488308.678,
            2485637.867,
            2310130.101,
            1511920.129,
            1414332.637,
            0.0,
            3541264.842,
            2827413.863,
            2785976.693,
            1014007.34,
            383979.031,
            1720932.226,
            2257027.473,
            2186991.81,
            1257223.857,
            814413.298
        ],
        [
            3321476.106,
            4590796.353,
            1826700.641,
            2665285.288,
            2141305.538,
            3541264.842,
            0.0,
            4914554.315,
            1298364.129,
            3411162.012,
            3926033.165,
            2414678.82,
            1353412.276,
            5362752.661,
            4297880.417,
            3006561.113
        ],
        [
            1594913.681,
            343146.265,
            4814637.339,
            2250592.824,
            3185787.104,
            2827413.863,
            4914554.315,
            0.0,
            4998030.353,
            1894432.979,
            2961400.365,
            4311585.971,
            3815371.784,
            2398546.312,
            1728376.979,
            2279761.183
        ],
        [
            3428481.169,
            4676002.75,
            613236.255,
            3286311.435,
            2039726.738,
            2785976.693,
            1298364.129,
            4998030.353,
            0.0,
            3308311.538,
            3097033.635,
            1207193.85,
            1184113.064,
            5003058.337,
            3977121.22,
            2903710.639
        ],
        [
            477029.758,
            1529209.373,
            2933467.24,
            860594.844,
            1365774.249,
            1014007.34,
            3411162.012,
            1894432.979,
            3308311.538,
            0.0,
            1360115.16,
            2418438.668,
            2125828.133,
            1953423.075,
            888550.831,
            398600.834
        ],
        [
            1760821.091,
            2622400.256,
            2487218.883,
            1894842.635,
            1798490.536,
            383979.031,
            3926033.165,
            2961400.365,
            3097033.635,
            1360115.16,
            0.0,
            1890014.168,
            2641386.32,
            1909296.186,
            1276332.055,
            1196966.859
        ],
        [
            2894182.75,
            3946362.365,
            597379.097,
            2885223.902,
            1462650.324,
            1720932.226,
            2414678.82,
            4311585.971,
            1207193.85,
            2418438.668,
            1890014.168,
            0.0,
            1066958.117,
            3796232.474,
            2980024.804,
            2180302.475
        ],
        [
            2245822.6,
            3493344.181,
            1108496.82,
            2103652.866,
            857068.169,
            2257027.473,
            1353412.276,
            3815371.784,
            1184113.064,
            2125828.133,
            2641386.32,
            1066958.117,
            0.0,
            4077416.178,
            3012543.934,
            1721224.63
        ],
        [
            2213140.004,
            2061967.581,
            4393243.585,
            2878034.055,
            3317364.898,
            2186991.81,
            5362752.661,
            2398546.312,
            5003058.337,
            1953423.075,
            1909296.186,
            3796232.474,
            4077416.178,
            0.0,
            1064646.835,
            2352520.155
        ],
        [
            1148267.76,
            1391798.248,
            3497422.294,
            1813161.811,
            2252492.654,
            1257223.857,
            4297880.417,
            1728376.979,
            3977121.22,
            888550.831,
            1276332.055,
            2980024.804,
            3012543.934,
            1064646.835,
            0.0,
            1288112.828
        ],
        [
            845319.37,
            1914537.577,
            2601434.088,
            703149.636,
            967822.85,
            814413.298,
            3006561.113,
            2279761.183,
            2903710.639,
            398600.834,
            1196966.859,
            2180302.475,
            1721224.63,
            2352520.155,
            1288112.828,
            0.0
        ]
    ],
    "origin": 15
}