[
	[0.0, 4590522.347348366, 2405650.1038835333, 619908.1155463393, 3240969.5317211817, 1866510.0912212722, 1593879.7826779494, 1228870.3771138221, 285285.2806144635, 234949.52428074623, 7081370.275528546, 2887935.316918363, 879175.0491451578, 826429.5938337981, 1215191.9645252544, 1127693.7450301882, 661671.7046035732, 507626.81039288937, 1954037.6798914557, 1148294.5342747658, 1735153.4997215043, 1163630.9177256478, 1518736.9272275516, 369123.32756876847, 873586.7058956623, 2698650.965377839, 1319131.576156258, 3095526.6214647247, 1765616.2263862963, 1351238.7101186758, 1848429.6860527925, 1586518.8494213638, 799317.7602008103, 2193605.5361463916, 895004.4888850068, 1094539.9689763181, 3447839.4839938805, 1216733.5973995547, 1682487.0827167495, 521001.6728794771, 1807619.137774769, 425581.10743817996, 1114028.489087474, 2460092.165565931, 1779565.3258896987, 988267.3820852855, 3489862.2887583263, 787879.3319901704, 1222257.8762175085, 1912201.0319554454],
	[4590522.347348366, 0.0, 3227628.1682028524, 4044888.4040854014, 2385656.6192477234, 2934870.834461912, 4583825.010502997, 4627056.533921481, 4874310.057411356, 4572603.385725012, 4524056.05785203, 2057654.27896171, 3758120.7806273266, 3958033.724648879, 3384270.2143042074, 3483599.487294088, 4164219.4020491014, 4498495.990221058, 4553590.5308937775, 4585602.50902019, 4642843.629742461, 3815044.856109669, 3149246.8237478496, 4378027.728842317, 3716949.5358431702, 1983030.051987761, 3278791.8864611923, 2373515.824510745, 4535496.607838742, 4585974.141344883, 3267556.745865217, 4449281.447949171, 4728876.031504367, 2426703.305167144, 4126053.293082703, 3700546.673746809, 1677210.176947631, 4458234.01702227, 4652422.131966163, 4742983.872474432, 2784527.7325153453, 4227445.356495856, 4176321.0452009733, 2515568.396560462, 4395640.508739703, 4648209.672875549, 1469515.3405299757, 4338094.845059625, 3507688.38492032, 2818168.9555096524],
	[2405650.1038835333, 3227628.1682028524, 0.0, 1821213.2209068444, 1017633.9256511984, 942952.1620543768, 3559032.3014631914, 3313833.4092051676, 2636941.5407779627, 2557050.1999428556, 4675774.924901331, 1186841.4307052568, 2115365.0258199675, 2409770.919955633, 1857240.834797587, 1592850.8222677575, 2500617.24282915, 1999834.3588440816, 3809829.6647207253, 3229810.4923132653, 3696919.717353319, 2606519.1344670933, 2067878.7495611326, 2042556.4543654318, 1873198.7070021762, 1462336.7942206457, 1588689.7166432042, 936121.7904770137, 3659117.7555415477, 3380208.3997602253, 611458.4093221661, 3473586.6985609913, 3056942.309974047, 1948592.0529776593, 2678528.7270481302, 1351004.7677270002, 1585262.5556009386, 3200501.022819588, 3663223.1089953315, 2860974.02241025, 1580018.166411638, 2322639.1128685516, 1397389.7011113756, 812805.1012364023, 3586653.816909366, 3149461.656473976, 1765302.4390540903, 2783124.1729265912, 2242004.9518663697, 1070053.0256728118],
	[619908.1155463393, 4044888.4040854014, 1821213.2209068444, 0.0, 2623497.642137291, 1249401.0708888618, 1880670.180341806, 1569949.5576248171, 892436.7226779404, 737934.8410744478, 6490924.99294321, 2274615.9661970604, 609400.2501723706, 784271.2337532744, 770718.0512940391, 564209.8989117019, 770622.422358434, 488714.89482981304, 2199635.798533117, 1483224.9477391646, 2026386.5525072545, 1115784.6333698737, 1137916.0954059777, 333146.5487306804, 426956.80463745777, 2111383.714132443, 775799.7641843512, 2476820.712242326, 2021840.8596072288, 1663333.243078681, 1242409.1764455962, 1829933.0949024826, 1248009.3695215157, 1712854.59596892, 1008303.0275557466, 480657.8268231565, 2834802.0037875366, 1493488.801158867, 1981867.633077322, 1039764.5065333003, 1270974.6294383153, 527045.5656693972, 710748.1014027018, 1841098.9188861593, 1991889.3951177432, 1370128.7747857922, 2885616.0540342494, 1036175.4011588884, 961733.8848786288, 1303687.3245914688],
	[3240969.5317211817, 2385656.6192477234, 1017633.9256511984, 2623497.642137291, 0.0, 1426004.8814786475, 4107092.4218002493, 3936135.535725649, 3500749.9286018326, 3349259.6174988723, 3958388.980691489, 713014.615249934, 2732717.2773202686, 3028933.9090053174, 2383595.5851986497, 2227808.9472463885, 3170692.385918348, 2906649.1633485034, 4286447.755747114, 3859521.95794682, 4229937.242502772, 3125166.62869685, 2445234.7250467455, 2901516.0284522385, 2535491.5776364007, 1180553.309334636, 2129871.659263067, 163086.96682978646, 4166994.526108875, 3972975.8344359305, 1410366.5511046795, 3999077.032597074, 3774805.067381225, 2007256.9000245985, 3290883.32814242, 2146544.3729062, 720807.6529976758, 3796069.273190436, 4207594.78308393, 3631389.7218847713, 1869831.1976731634, 3059718.5960448175, 2354859.953362359, 855228.7216488012, 4066889.5851997975, 3819045.0004965975, 951038.9918640838, 3442132.954784935, 2729894.29148847, 1449658.7028061233],
	[1866510.0912212722, 2934870.834461912, 942952.1620543768, 1249401.0708888618, 1426004.8814786475, 0.0, 2715411.3396484256, 2519351.3185525886, 2141836.5684811645, 1946694.288612252, 5373952.880360274, 1028292.2047763668, 1309465.4850907081, 1607483.9022435718, 979797.4370432155, 802346.6902452548, 1744759.55705805, 1625297.0572674994, 2930752.3075567023, 2440759.8173444723, 2845554.7394782067, 1737047.3438484857, 1134681.5437310785, 1561399.1669286753, 1110165.0381130613, 952071.1542981707, 714792.9076637352, 1268711.9967242312, 2794003.153175675, 2564313.086025742, 461041.4406103069, 2616425.699112921, 2349644.400799205, 1062957.4560773463, 1872575.0111164197, 808825.8003431796, 1587833.2307742601, 2385463.267903978, 2818135.72172699, 2216875.57351014, 641945.0710575265, 1641812.149944534, 1241698.9690099193, 597104.5332582222, 2707566.990757849, 2394251.6121353866, 1654274.7137850802, 2017355.191750794, 1350941.7504956503, 157184.40567746354],
	[1593879.7826779494, 4583825.010502997, 3559032.3014631914, 1880670.180341806, 4107092.4218002493, 2715411.3396484256, 0.0, 376927.4730154109, 1630705.2609350777, 1359283.156367224, 8063154.023468967, 3526166.771311087, 1444140.1765515986, 1154378.0504868694, 1735665.6704904442, 1966565.978908854, 1110643.652572303, 2074352.6908770774, 369914.7119842818, 448902.80867039127, 145944.57611130213, 982317.2460081769, 1683828.9653650802, 1871984.6928995275, 1692069.3847808507, 3150655.9632155844, 2001980.1112583193, 3944414.1751073976, 186215.80076882607, 244947.05741331904, 2947730.370685884, 134675.29612271328, 843321.3082101844, 2318545.472802978, 890676.4524254473, 2260981.5969656045, 4022058.7763377875, 389659.1643908634, 104246.0095320435, 1132243.6478010197, 2255143.0304297074, 1367516.1026849805, 2579072.485889252, 3252134.1362468516, 278129.1938824778, 623328.2850859999, 3963684.3644307554, 851357.8952802797, 1377198.2690576557, 2663168.7574141393],
	[1228870.3771138221, 4627056.533921481, 3313833.4092051676, 1569949.5576248171, 3936135.535725649, 2519351.3185525886, 376927.4730154109, 0.0, 1254242.9918187775, 993962.9761958712, 7892250.969159799, 3398571.888596067, 1213343.9677912146, 913989.2465275121, 1553780.6237654723, 1736858.2737321686, 817361.9899479315, 1719466.570517879, 746737.678409433, 86731.0950933332, 510542.394156407, 854929.9413630767, 1582922.3317653683, 1525434.3062939525, 1442446.2955199732, 3057613.871845673, 1807193.2247897696, 3775181.770418719, 560721.0612568774, 135075.39862288622, 2704017.775102418, 415776.3348638925, 466500.4732500409, 2273194.415536292, 646827.5317193536, 1983977.3240386308, 3918519.8691523406, 168822.55318164433, 456174.45999056386, 755764.0524544392, 2128902.3800242045, 1044866.4420205938, 2251668.247563329, 3083266.0933112553, 618375.5469926393, 246928.92475878552, 3882896.6200846485, 537204.585927005, 1238206.9707555647, 2486756.081822857],
	[285285.2806144635, 4874310.057411356, 2636941.5407779627, 892436.7226779404, 3500749.9286018326, 2141836.5684811645, 1630705.2609350777, 1254242.9918187775, 0.0, 368124.6161519676, 7307286.230759265, 3166241.990993771, 1146838.8425375689, 1052593.5479259768, 1495298.2922416688, 1412485.6302988862, 863199.4714604295, 658352.4992100641, 1999719.0389442744, 1183491.3806171888, 1763690.5041360005, 1366265.3581371065, 1787066.006184002, 600444.5916163403, 1157563.7449128202, 2983245.859900267, 1604396.2172129636, 3358090.224965011, 1812077.2869548367, 1386131.7787971168, 2098639.5935877697, 1647031.5336349187, 790631.0564957218, 2472217.155086052, 1064074.8458276703, 1356629.1590591585, 3726388.2763706846, 1280522.6832210582, 1708491.4263451188, 498487.77927568916, 2092283.1823293832, 676898.078729126, 1292865.321188804, 2732736.74984419, 1848075.438844275, 1007430.5517072834, 3771938.016829563, 911094.4114099786, 1475255.4839002378, 2192364.638382295],
	[234949.52428074623, 4572603.385725012, 2557050.1999428556, 737934.8410744478, 3349259.6174988723, 1946694.288612252, 1359283.156367224, 993962.9761958712, 368124.6161519676, 0.0, 7228770.867090732, 2951822.357780052, 817241.9779602137, 688790.5605480267, 1189796.466490788, 1168427.9806931305, 495373.10011719115, 734129.8687518479, 1720394.0764980218, 913360.1084222507, 1500313.3263468235, 998182.8908193535, 1450389.9818807428, 565433.7953604183, 880918.2204059983, 2727045.528507156, 1338320.0060958203, 3199140.1274990244, 1531861.489240097, 1116397.549228003, 1979903.1069610387, 1354112.0287046654, 571060.0817447263, 2153623.1701927856, 700816.4729360269, 1217378.0674087852, 3508870.7954915445, 983927.2020855814, 1447575.904628831, 310937.34949830064, 1807653.6355225553, 345190.5175005791, 1317376.233025504, 2543788.8034820985, 1548738.1472982946, 754022.2863860867, 3534873.0082105217, 567398.8303105931, 1123197.1646765599, 1974333.0006822797],
	[7081370.275528546, 4524056.05785203, 4675774.924901331, 6490924.99294321, 3958388.980691489, 5373952.880360274, 8063154.023468967, 7892250.969159799, 7307286.230759265, 7228770.867090732, 0.0, 4555950.936652282, 6683234.187305096, 6981435.25807783, 6341532.162498796, 6167825.434829955, 7112410.812232115, 6658559.360948072, 8225289.4607844185, 7814413.726052731, 8183301.998564018, 7082259.313713548, 6388897.045895088, 6717186.196589134, 6472699.76610935, 4976129.459815888, 6085068.59451703, 4120449.4533625115, 8115749.313910446, 7931257.964297215, 5251052.318392691, 7952483.600046511, 7702939.213206795, 5851994.829486104, 7245882.9386234665, 6013169.93613638, 4119294.8854499864, 7754066.389313595, 8162800.489790763, 7528387.201735665, 5812946.884916363, 6972882.133129388, 6031627.7345843995, 4813443.63813871, 8009448.102511899, 7765295.438531776, 4242898.976023825, 7388977.7456659945, 6686528.6269430565, 5407586.589282626],
	[2887935.316918363, 2057654.27896171, 1186841.4307052568, 2274615.9661970604, 713014.615249934, 1028292.2047763668, 3526166.771311087, 3398571.888596067, 3166241.990993771, 2951822.357780052, 4555950.936652282, 0.0, 2238672.252806825, 2520418.051788972, 1859414.13177134, 1784745.195949206, 2688274.2469689185, 2649180.8468654603, 3670301.571103047, 3328265.361729195, 3639436.12528169, 2556847.804883909, 1842583.6390402575, 2589570.809930201, 2084084.0280325825, 468141.9207563052, 1637434.0665513237, 575526.7217033857, 3566221.249652193, 3417983.430614699, 1245307.5158511228, 3409619.35387431, 3303399.7712889407, 1319631.072526579, 2767332.26322178, 1835340.403263186, 560186.6706010873, 3247023.149480989, 3622891.170396924, 3204925.8906473983, 1273204.5277510653, 2630454.0869509242, 2205337.4384829937, 478795.13703720307, 3456039.6003579143, 3313485.882315433, 644829.986873977, 2941766.647920264, 2163456.321200272, 977935.5899506812],
	[879175.0491451578, 3758120.7806273266, 2115365.0258199675, 609400.2501723706, 2732717.2773202686, 1309465.4850907081, 1444140.1765515986, 1213343.9677912146, 1146838.8425375689, 817241.9779602137, 6683234.187305096, 2238672.252806825, 0.0, 299354.7652197002, 390535.86359327007, 525445.3535377556, 449809.9698893095, 1045973.9166225758, 1713187.3413733584, 1133068.1255710803, 1583346.69033359, 538143.3646073417, 640422.5705209594, 831612.2287068106, 256970.359900328, 1957846.3560009606, 606612.9472375364, 2573364.90598865, 1552143.5238115473, 1268453.3154161149, 1503926.7660108653, 1363379.002097346, 1065025.4355926025, 1336466.1225845073, 567857.2598400722, 842781.3224071561, 2781871.5411217185, 1088443.1476455207, 1548378.1963978119, 999688.7280672541, 1017799.9499054012, 474403.5491465278, 1288904.6802542377, 1885684.4883079731, 1493232.3063982918, 1086795.7740386187, 2780961.1009193086, 710196.003720182, 366768.8722402065, 1289423.5158447667],
	[826429.5938337981, 3958033.724648879, 2409770.919955633, 784271.2337532744, 3028933.9090053174, 1607483.9022435718, 1154378.0504868694, 913989.2465275121, 1052593.5479259768, 688790.5605480267, 6981435.25807783, 2520418.051788972, 299354.7652197002, 0.0, 661032.0315110666, 823808.8433981929, 209163.0203778647, 1132550.7555942636, 1440701.3610817683, 833879.648503294, 1295921.9800750467, 353585.4938133451, 808791.8710847715, 907321.2761311634, 538091.7138345931, 2218676.0193561097, 899646.7403406258, 2869026.065227313, 1272458.9020446474, 971032.6761371668, 1798438.4097638424, 1081435.3007973693, 796871.1579687083, 1532674.4524600576, 269285.9443232665, 1110453.0959576739, 3057273.1917270236, 791099.9312204996, 1258523.6120955779, 788145.1881304617, 1274958.1353887557, 407136.92812248156, 1493742.321473507, 2179583.7081807917, 1225153.0070106178, 794545.3937849884, 3045609.2328720996, 421448.442463943, 454070.9188211959, 1582597.2652352164],
	[1215191.9645252544, 3384270.2143042074, 1857240.834797587, 770718.0512940391, 2383595.5851986497, 979797.4370432155, 1735665.6704904442, 1553780.6237654723, 1495298.2922416688, 1189796.466490788, 6341532.162498796, 1859414.13177134, 390535.86359327007, 661032.0315110666, 0.0, 333586.6851792612, 836698.9413198581, 1258049.7699713716, 1958399.4773660593, 1478913.7505076344, 1865949.444435855, 758457.6244101076, 376042.1695199376, 1074631.755634338, 357088.67187376105, 1567651.6158836924, 269963.5572676602, 2222164.54153324, 1816430.156020009, 1589919.74183711, 1256880.4303998312, 1637185.9649920575, 1450312.3869233385, 978847.7343551009, 912041.4488835514, 759782.3717859358, 2397341.7843676545, 1412544.187866337, 1838340.3765992254, 1389115.1191106788, 627420.2845944667, 844829.4298722056, 1312861.38668174, 1529729.494286131, 1734878.5151672757, 1454493.6824365202, 2391736.246175631, 1082449.7358959937, 385388.65044093825, 933983.5871986108],
	[1127693.7450301882, 3483599.487294088, 1592850.8222677575, 564209.8989117019, 2227808.9472463885, 802346.6902452548, 1966565.978908854, 1736858.2737321686, 1412485.6302988862, 1168427.9806931305, 6167825.434829955, 1784745.195949206, 525445.3535377556, 823808.8433981929, 333586.6851792612, 0.0, 944979.2639783799, 1040772.5967420524, 2221879.776640749, 1655441.3644504182, 2104079.3241031813, 1022050.854403591, 691385.0850699727, 896261.8344650577, 307818.7951116829, 1571005.9225258688, 214043.207615363, 2071013.61141496, 2067413.2072673952, 1793897.6789239938, 982084.2475163534, 1881028.9523986785, 1547302.2355528525, 1160302.0452908045, 1092931.5689075238, 428061.1053999243, 2340739.350455502, 1613886.9354272208, 2070704.404830019, 1422676.054231989, 706865.5976905755, 846964.0315931923, 993775.9228956257, 1393654.56073108, 1999559.9863182157, 1597489.0338284934, 2368647.9935698477, 1221468.9672189818, 693234.4118902936, 809471.591391121],
	[661671.7046035732, 4164219.4020491014, 2500617.24282915, 770622.422358434, 3170692.385918348, 1744759.55705805, 1110643.652572303, 817361.9899479315, 863199.4714604295, 495373.10011719115, 7112410.812232115, 2688274.2469689185, 449809.9698893095, 209163.0203778647, 836698.9413198581, 944979.2639783799, 0.0, 1035421.991757864, 1431356.0468645177, 731854.7361591437, 1256183.8998387214, 505256.5784674576, 1015384.2885315847, 813830.3119578178, 639929.0836307155, 2403559.114895435, 1053602.9419229731, 3012690.809664325, 1251882.3153397408, 899109.866006194, 1892861.0432774364, 1060251.2102388933, 615224.1680330427, 1737918.707575424, 253752.49751423553, 1166648.7664102218, 3231577.0410157447, 725412.7450096671, 1212425.897174758, 579789.1754597636, 1460782.3616951525, 282952.46504244895, 1474856.0211608193, 2328655.9001281383, 1227884.3301271643, 653943.7038936166, 3228388.874973184, 282520.1692161251, 663046.3453593947, 1734204.9806633273],
	[507626.81039288937, 4498495.990221058, 1999834.3588440816, 488714.89482981304, 2906649.1633485034, 1625297.0572674994, 2074352.6908770774, 1719466.570517879, 658352.4992100641, 734129.8687518479, 6658559.360948072, 2649180.8468654603, 1045973.9166225758, 1132550.7555942636, 1258049.7699713716, 1040772.5967420524, 1035421.991757864, 0.0, 2425470.058223833, 1636169.1819865333, 2218248.218318742, 1485663.1139374273, 1620889.2085941152, 225250.23620338674, 907672.1077664696, 2539080.0044593574, 1254700.350753419, 2772362.67092321, 2238668.314424458, 1835935.769588676, 1496353.7892033176, 2053378.10277316, 1304588.3424999586, 2197986.6783651416, 1288875.1024428478, 817149.995362563, 3205239.850136088, 1688742.438251926, 2167328.4013053705, 1028543.5537871255, 1744766.050799004, 752689.8496195545, 634614.2097975744, 2190018.276725825, 2238006.8821574296, 1484797.3955720116, 3279570.027338722, 1236175.6571139775, 1411901.0188859755, 1708265.5551326887],
	[1954037.6798914557, 4553590.5308937775, 3809829.6647207253, 2199635.798533117, 4286447.755747114, 2930752.3075567023, 369914.7119842818, 746737.678409433, 1999719.0389442744, 1720394.0764980218, 8225289.4607844185, 3670301.571103047, 1713187.3413733584, 1440701.3610817683, 1958399.4773660593, 2221879.776640749, 1431356.0468645177, 2425470.058223833, 0.0, 816496.2788518022, 253762.50528255952, 1203365.8703762882, 1841314.5053683312, 2217604.756566441, 1968410.9588379082, 3267103.049866472, 2228339.87395025, 4123375.9164870167, 188646.18829035386, 613651.6986314943, 3201860.727062598, 373112.63928913063, 1213204.1407665212, 2405821.0786212995, 1192642.0033350089, 2549725.1853216686, 4138922.6072672517, 738102.0114634332, 308918.61373907054, 1501406.1568252807, 2417412.3490710943, 1701043.1757798393, 2906199.737619802, 3436996.3857508167, 223521.17704778767, 992724.5198822551, 4059485.477730584, 1191381.501317456, 1579961.7718212288, 2862063.6403468056],
	[1148294.5342747658, 4585602.50902019, 3229810.4923132653, 1483224.9477391646, 3859521.95794682, 2440759.8173444723, 448902.80867039127, 86731.0950933332, 1183491.3806171888, 913360.1084222507, 7814413.726052731, 3328265.361729195, 1133068.1255710803, 833879.648503294, 1478913.7505076344, 1655441.3644504182, 731854.7361591437, 1636169.1819865333, 816496.2788518022, 0.0, 587417.7069241975, 795143.9004584588, 1521036.3023073669, 1440605.9931277432, 1359454.948145796, 2993070.6707644737, 1729855.4324487164, 3698878.2913025944, 628605.0551493024, 204099.49421163066, 2620362.7115485934, 469593.46515119186, 403094.7485871757, 2218580.8574293675, 568683.7183347864, 1898291.922502188, 3851369.991517679, 147767.35516720635, 534271.5765435136, 685583.4511305474, 2060777.9078317408, 958162.1733793248, 2165357.493136364, 3007523.0564291393, 673139.9661324265, 180040.47920889442, 3819395.4000716857, 451031.54483604134, 1171798.893400982, 2410675.981530858],
	[1735153.4997215043, 4642843.629742461, 3696919.717353319, 2026386.5525072545, 4229937.242502772, 2845554.7394782067, 145944.57611130213, 510542.394156407, 1763690.5041360005, 1500313.3263468235, 8183301.998564018, 3639436.12528169, 1583346.69033359, 1295921.9800750467, 1865949.444435855, 2104079.3241031813, 1256183.8998387214, 2218248.218318742, 253762.50528255952, 587417.7069241975, 0.0, 1109111.6429379368, 1797276.4604010503, 2016915.226778806, 1832913.7634408537, 3255721.6415029545, 2133610.6746338713, 4067054.8882050384, 117544.10339859746, 383916.5903999169, 3085894.0721197426, 230887.62521249303, 973679.6044675017, 2413321.6065916116, 1033939.3299986689, 2404097.180671188, 4128182.277197481, 535506.4150583777, 56208.541906489634, 1265459.9394885525, 2371491.4009977193, 1513439.8032871098, 2725016.389455986, 3375671.133985303, 258242.47149600554, 757263.7063835172, 4063602.8020809824, 997218.2247222229, 1501514.0025673944, 2789461.349613465],
	[1163630.9177256478, 3815044.856109669, 2606519.1344670933, 1115784.6333698737, 3125166.62869685, 1737047.3438484857, 982317.2460081769, 854929.9413630767, 1366265.3581371065, 998182.8908193535, 7082259.313713548, 2556847.804883909, 538143.3646073417, 353585.4938133451, 758457.6244101076, 1022050.854403591, 505256.5784674576, 1485663.1139374273, 1203365.8703762882, 795143.9004584588, 1109111.6429379368, 0.0, 728220.8442667173, 1260504.8482503153, 793226.2410156262, 2204153.792086419, 1027634.2553560975, 2962597.2747724885, 1058014.325474347, 861758.1255163678, 1999212.746755127, 879469.6132960895, 926100.7693595387, 1425301.7393804388, 334161.28483719716, 1378378.4629849058, 3068267.5966881663, 694946.8013591971, 1083705.4472809017, 1018263.4874876608, 1283710.6405590784, 755355.2623096512, 1816480.8868170155, 2270059.7355908724, 980134.9813524389, 834174.3682054341, 3028459.444894987, 546178.9930627755, 395910.69963796035, 1681039.6734226092],
	[1518736.9272275516, 3149246.8237478496, 2067878.7495611326, 1137916.0954059777, 2445234.7250467455, 1134681.5437310785, 1683828.9653650802, 1582922.3317653683, 1787066.006184002, 1450389.9818807428, 6388897.045895088, 1842583.6390402575, 640422.5705209594, 808791.8710847715, 376042.1695199376, 691385.0850699727, 1015384.2885315847, 1620889.2085941152, 1841314.5053683312, 1521036.3023073669, 1797276.4604010503, 728220.8442667173, 0.0, 1426743.6835157834, 713242.2349201327, 1476573.245278408, 545078.0300828669, 2282181.332583342, 1726884.9197021765, 1586939.4779097007, 1499131.6098236758, 1567185.1334693476, 1590559.9231581206, 724668.3664163203, 995736.0267594393, 1118101.998439289, 2343273.4718189663, 1422934.614580206, 1780307.5595391335, 1594911.1857248917, 576433.6725054494, 1112291.8383554379, 1683140.0744897553, 1598076.052767616, 1622473.2705205376, 1541521.0984396385, 2300246.257703003, 1200633.4386167484, 362649.2382056372, 1040211.9679093505],
	[369123.32756876847, 4378027.728842317, 2042556.4543654318, 333146.5487306804, 2901516.0284522385, 1561399.1669286753, 1871984.6928995275, 1525434.3062939525, 600444.5916163403, 565433.7953604183, 6717186.196589134, 2589570.809930201, 831612.2287068106, 907321.2761311634, 1074631.755634338, 896261.8344650577, 813830.3119578178, 225250.23620338674, 2217604.756566441, 1440605.9931277432, 2016915.226778806, 1260504.8482503153, 1426743.6835157834, 0.0, 718255.7825249375, 2441301.180337675, 1106281.890898777, 2760091.5626055244, 2032020.9622745332, 1637099.1841604712, 1498195.0560682747, 1844693.4001947371, 1132307.90530258, 2035831.1819347404, 1067573.2259659278, 762172.7792244771, 3149231.3766191215, 1483869.9247610257, 1967243.746234866, 873898.1514825496, 1602330.5603883164, 530901.7860834339, 752212.9165729797, 2145202.034638531, 2025738.4532127785, 1297731.8549533088, 3207731.8236050596, 1026248.6797127402, 1198378.8946962932, 1626035.3065328603],
	[873586.7058956623, 3716949.5358431702, 1873198.7070021762, 426956.80463745777, 2535491.5776364007, 1110165.0381130613, 1692069.3847808507, 1442446.2955199732, 1157563.7449128202, 880918.2204059983, 6472699.76610935, 2084084.0280325825, 256970.359900328, 538091.7138345931, 357088.67187376105, 307818.7951116829, 639929.0836307155, 907672.1077664696, 1968410.9588379082, 1359454.948145796, 1832913.7634408537, 793226.2410156262, 713242.2349201327, 718255.7825249375, 0.0, 1846132.784797506, 457422.8148105356, 2378817.9585503126, 1805303.5977980632, 1507108.9994760714, 1262356.1201797945, 1615549.7598506585, 1239490.609772403, 1330168.5946349849, 805801.6017361064, 585908.362327051, 2637258.0064813546, 1327534.1064078228, 1796268.603584425, 1120850.2003453139, 935323.0430806134, 547610.2898224806, 1054846.0573124222, 1700726.0401518124, 1749109.357026602, 1293697.9864465583, 2655860.9126369907, 919188.235745266, 553489.0398825355, 1113104.9280888464],
	[2698650.965377839, 1983030.051987761, 1462336.7942206457, 2111383.714132443, 1180553.309334636, 952071.1542981707, 3150655.9632155844, 3057613.871845673, 2983245.859900267, 2727045.528507156, 4976129.459815888, 468141.9207563052, 1957846.3560009606, 2218676.0193561097, 1567651.6158836924, 1571005.9225258688, 2403559.114895435, 2539080.0044593574, 3267103.049866472, 2993070.6707644737, 3255721.6415029545, 2204153.792086419, 1476573.245278408, 2441301.180337675, 1846132.784797506, 0.0, 1388787.807781525, 1038367.511089968, 3175301.3696412765, 3063405.4653322496, 1316365.6744522275, 3028621.9771848335, 3014560.7572721452, 876357.9049790066, 2447496.740701612, 1728443.3294505398, 872766.1433552487, 2899099.9259175025, 3243685.6268952666, 2952174.762338607, 943761.5597534091, 2389929.0531290607, 2193762.702861656, 649774.4259483874, 3058269.8663597605, 2998303.8252293193, 827865.7291146165, 2637036.000340379, 1821591.4601143904, 837820.6700157389],
	[1319131.576156258, 3278791.8864611923, 1588689.7166432042, 775799.7641843512, 2129871.659263067, 714792.9076637352, 2001980.1112583193, 1807193.2247897696, 1604396.2172129636, 1338320.0060958203, 6085068.59451703, 1637434.0665513237, 606612.9472375364, 899646.7403406258, 269963.5572676602, 214043.207615363, 1053602.9419229731, 1254700.350753419, 2228339.87395025, 1729855.4324487164, 2133610.6746338713, 1027634.2553560975, 545078.0300828669, 1106281.890898777, 457422.8148105356, 1388787.807781525, 0.0, 1969618.2829361784, 2085623.853988321, 1849751.7160167054, 991932.2860362864, 1905436.5487716636, 1667673.2034698266, 946891.8657382341, 1161171.7144172923, 597307.2168342252, 2186356.4376673657, 1671130.6752353346, 2105039.5572747, 1572491.9805560652, 496368.8259377398, 1003300.0300082205, 1176679.6495955412, 1280004.5468365676, 2004818.7183223104, 1692587.1121240896, 2199536.4070537398, 1316448.3655886163, 653390.1055481808, 683186.3214818707],
	[3095526.6214647247, 2373515.824510745, 936121.7904770137, 2476820.712242326, 163086.96682978646, 1268711.9967242312, 3944414.1751073976, 3775181.770418719, 3358090.224965011, 3199140.1274990244, 4120449.4533625115, 575526.7217033857, 2573364.90598865, 2869026.065227313, 2222164.54153324, 2071013.61141496, 3012690.809664325, 2772362.67092321, 4123375.9164870167, 3698878.2913025944, 4067054.8882050384, 2962597.2747724885, 2282181.332583342, 2760091.5626055244, 2378817.9585503126, 1038367.511089968, 1969618.2829361784, 0.0, 4003955.42936672, 3811185.274655697, 1277135.5714221094, 3836187.5656387582, 3618307.6853221096, 1851360.072522438, 3130321.828795151, 2002067.6158173745, 696321.6808188012, 3634479.774430904, 4044836.4469301985, 3478782.846154158, 1706860.0352206784, 2905955.604020453, 2233787.921622582, 692998.0032222843, 3903803.1922351685, 3659991.5230043866, 912736.7050097083, 3283137.1999716987, 2567227.881612936, 1288442.249601467],
	[1765616.2263862963, 4535496.607838742, 3659117.7555415477, 2021840.8596072288, 4166994.526108875, 2794003.153175675, 186215.80076882607, 560721.0612568774, 1812077.2869548367, 1531861.489240097, 8115749.313910446, 3566221.249652193, 1552143.5238115473, 1272458.9020446474, 1816430.156020009, 2067413.2072673952, 1251882.3153397408, 2238668.314424458, 188646.18829035386, 628605.0551493024, 117544.10339859746, 1058014.325474347, 1726884.9197021765, 2032020.9622745332, 1805303.5977980632, 3175301.3696412765, 2085623.853988321, 4003955.42936672, 0.0, 426663.06968342006, 3049261.6636012946, 192136.7420327311, 1027080.6793045007, 2325874.1537580127, 1018141.137467433, 2382908.1932025296, 4048066.602090821, 550334.4759119069, 155680.78164012646, 1313970.4542307858, 2302851.7031157687, 1518302.4914440832, 2726243.027853464, 3314212.9088219525, 142469.0160608306, 805738.3697573703, 3978513.4360548984, 1006241.2159867095, 1444686.0986452822, 2732289.256422109],
	[1351238.7101186758, 4585974.141344883, 3380208.3997602253, 1663333.243078681, 3972975.8344359305, 2564313.086025742, 244947.05741331904, 135075.39862288622, 1386131.7787971168, 1116397.549228003, 7931257.964297215, 3417983.430614699, 1268453.3154161149, 971032.6761371668, 1589919.74183711, 1793897.6789239938, 899109.866006194, 1835935.769588676, 613651.6986314943, 204099.49421163066, 383916.5903999169, 861758.1255163678, 1586939.4779097007, 1637099.1841604712, 1507108.9994760714, 3063405.4653322496, 1849751.7160167054, 3811185.274655697, 426663.06968342006, 0.0, 2769079.1880901027, 283092.16590209835, 600545.0857113842, 2259472.7557825577, 701861.0419266842, 2062422.8744030169, 3929453.838712833, 180011.8368366346, 331645.1398072444, 887764.4815599024, 2145127.418048545, 1142899.5199136583, 2354070.809664046, 3118275.9025666607, 484438.2644060543, 379138.74840507813, 3885302.2416334264, 627394.1612249966, 1254700.596664751, 2523713.702786613],
	[1848429.6860527925, 3267556.745865217, 611458.4093221661, 1242409.1764455962, 1410366.5511046795, 461041.4406103069, 2947730.370685884, 2704017.775102418, 2098639.5935877697, 1979903.1069610387, 5251052.318392691, 1245307.5158511228, 1503926.7660108653, 1798438.4097638424, 1256880.4303998312, 982084.2475163534, 1892861.0432774364, 1496353.7892033176, 3201860.727062598, 2620362.7115485934, 3085894.0721197426, 1999212.746755127, 1499131.6098236758, 1498195.0560682747, 1262356.1201797945, 1316365.6744522275, 991932.2860362864, 1277135.5714221094, 3049261.6636012946, 2769079.1880901027, 0.0, 2863111.3982778895, 2459624.738591028, 1522333.2656901176, 2067303.971496211, 762640.0756038642, 1770948.67520207, 2589306.2606269903, 3051935.368962399, 2277410.7458061962, 1079321.121409153, 1725857.886615311, 973218.9035625212, 766817.8172173833, 2978989.306451374, 2543948.4929646594, 1889482.2345317816, 2175166.822136239, 1642238.9149282526, 617682.0690420656],
	[1586518.8494213638, 4449281.447949171, 3473586.6985609913, 1829933.0949024826, 3999077.032597074, 2616425.699112921, 134675.29612271328, 415776.3348638925, 1647031.5336349187, 1354112.0287046654, 7952483.600046511, 3409619.35387431, 1363379.002097346, 1081435.3007973693, 1637185.9649920575, 1881028.9523986785, 1060251.2102388933, 2053378.10277316, 373112.63928913063, 469593.46515119186, 230887.62521249303, 879469.6132960895, 1567185.1334693476, 1844693.4001947371, 1615549.7598506585, 3028621.9771848335, 1905436.5487716636, 3836187.5656387582, 192136.7420327311, 283092.16590209835, 2863111.3982778895, 0.0, 872685.2293631668, 2191253.804151751, 826057.2088295624, 2191833.0490528136, 3900740.026843696, 370329.19243697956, 215372.91711000266, 1151482.0614216423, 2140958.4474825202, 1328205.9318656216, 2534899.261207503, 3144869.5558276707, 203619.43947927447, 649632.4273147178, 3838992.9978992348, 818445.7559616648, 1270987.873489205, 2559100.164518767],
	[799317.7602008103, 4728876.031504367, 3056942.309974047, 1248009.3695215157, 3774805.067381225, 2349644.400799205, 843321.3082101844, 466500.4732500409, 790631.0564957218, 571060.0817447263, 7702939.213206795, 3303399.7712889407, 1065025.4355926025, 796871.1579687083, 1450312.3869233385, 1547302.2355528525, 615224.1680330427, 1304588.3424999586, 1213204.1407665212, 403094.7485871757, 973679.6044675017, 926100.7693595387, 1590559.9231581206, 1132307.90530258, 1239490.609772403, 3014560.7572721452, 1667673.2034698266, 3618307.6853221096, 1027080.6793045007, 600545.0857113842, 2459624.738591028, 872685.2293631668, 0.0, 2313889.5543203214, 603201.7748625018, 1706093.6408980582, 3846590.87211642, 523637.20089657046, 918259.0412520352, 294311.77430771064, 2070846.5376481875, 734398.6325953031, 1880830.0151944004, 2938386.630482475, 1076206.488253292, 223070.750151444, 3840757.2972170264, 391018.118002919, 1227998.4143025882, 2346069.549285651],
	[2193605.5361463916, 2426703.305167144, 1948592.0529776593, 1712854.59596892, 2007256.9000245985, 1062957.4560773463, 2318545.472802978, 2273194.415536292, 2472217.155086052, 2153623.1701927856, 5851994.829486104, 1319631.072526579, 1336466.1225845073, 1532674.4524600576, 978847.7343551009, 1160302.0452908045, 1737918.707575424, 2197986.6783651416, 2405821.0786212995, 2218580.8574293675, 2413321.6065916116, 1425301.7393804388, 724668.3664163203, 2035831.1819347404, 1330168.5946349849, 876357.9049790066, 946891.8657382341, 1851360.072522438, 2325874.1537580127, 2259472.7557825577, 1522333.2656901176, 2191253.804151751, 2313889.5543203214, 0.0, 1715459.5920337043, 1506326.7608862242, 1739171.4840403511, 2107630.619117063, 2406401.3759975075, 2316314.06836952, 495596.63677407434, 1809659.3948941333, 2078740.1445161095, 1251780.8362412842, 2202817.8593957517, 2254868.09858546, 1653932.9859041222, 1923279.0008453352, 1086284.6123473581, 909361.5107680843],
	[895004.4888850068, 4126053.293082703, 2678528.7270481302, 1008303.0275557466, 3290883.32814242, 1872575.0111164197, 890676.4524254473, 646827.5317193536, 1064074.8458276703, 700816.4729360269, 7245882.9386234665, 2767332.26322178, 567857.2598400722, 269285.9443232665, 912041.4488835514, 1092931.5689075238, 253752.49751423553, 1288875.1024428478, 1192642.0033350089, 568683.7183347864, 1033939.3299986689, 334161.28483719716, 995736.0267594393, 1067573.2259659278, 805801.6017361064, 2447496.740701612, 1161171.7144172923, 3130321.828795151, 1018141.137467433, 701861.0419266842, 2067303.971496211, 826057.2088295624, 603201.7748625018, 1715459.5920337043, 0.0, 1370315.4258523358, 3297160.178579059, 522008.56012268295, 994457.1072027541, 685716.230556554, 1507386.8351104595, 536676.9400578435, 1717494.0212990837, 2439253.2731162524, 983591.5170189484, 550816.6523761712, 3275346.5461231885, 214667.51886762754, 634135.8637937729, 1842286.3520851578],
	[1094539.9689763181, 3700546.673746809, 1351004.7677270002, 480657.8268231565, 2146544.3729062, 808825.8003431796, 2260981.5969656045, 1983977.3240386308, 1356629.1590591585, 1217378.0674087852, 6013169.93613638, 1835340.403263186, 842781.3224071561, 1110453.0959576739, 759782.3717859358, 428061.1053999243, 1166648.7664102218, 817149.995362563, 2549725.1853216686, 1898291.922502188, 2404097.180671188, 1378378.4629849058, 1118101.998439289, 762172.7792244771, 585908.362327051, 1728443.3294505398, 597307.2168342252, 2002067.6158173745, 2382908.1932025296, 2062422.8744030169, 762640.0756038642, 2191833.0490528136, 1706093.6408980582, 1506326.7608862242, 1370315.4258523358, 0.0, 2393412.9604035974, 1885339.4382302284, 2364691.913295794, 1515267.9450329063, 1016618.132308191, 972043.5145324945, 580463.824172172, 1384212.9435399882, 2331916.7139702514, 1805681.5269548162, 2462832.484677634, 1447618.8026043072, 1096851.6637070565, 893218.9959347628],
	[3447839.4839938805, 1677210.176947631, 1585262.5556009386, 2834802.0037875366, 720807.6529976758, 1587833.2307742601, 4022058.7763377875, 3918519.8691523406, 3726388.2763706846, 3508870.7954915445, 4119294.8854499864, 560186.6706010873, 2781871.5411217185, 3057273.1917270236, 2397341.7843676545, 2340739.350455502, 3231577.0410157447, 3205239.850136088, 4138922.6072672517, 3851369.991517679, 4128182.277197481, 3068267.5966881663, 2343273.4718189663, 3149231.3766191215, 2637258.0064813546, 872766.1433552487, 2186356.4376673657, 696321.6808188012, 4048066.602090821, 3929453.838712833, 1770948.67520207, 3900740.026843696, 3846590.87211642, 1739171.4840403511, 3297160.178579059, 2393412.9604035974, 0.0, 3762580.063242321, 4115670.8789534993, 3757647.126352462, 1790875.9630669614, 3184558.8142508105, 2741753.044938717, 1018893.638216544, 3930809.7339067566, 3846477.9377459744, 235068.44063941363, 3478477.79516624, 2680320.840328342, 1536683.2307451472],
	[1216733.5973995547, 4458234.01702227, 3200501.022819588, 1493488.801158867, 3796069.273190436, 2385463.267903978, 389659.1643908634, 168822.55318164433, 1280522.6832210582, 983927.2020855814, 7754066.389313595, 3247023.149480989, 1088443.1476455207, 791099.9312204996, 1412544.187866337, 1613886.9354272208, 725412.7450096671, 1688742.438251926, 738102.0114634332, 147767.35516720635, 535506.4150583777, 694946.8013591971, 1422934.614580206, 1483869.9247610257, 1327534.1064078228, 2899099.9259175025, 1671130.6752353346, 3634479.774430904, 550334.4759119069, 180011.8368366346, 2589306.2606269903, 370329.19243697956, 523637.20089657046, 2107630.619117063, 522008.56012268295, 1885339.4382302284, 3762580.063242321, 0.0, 488903.24335387757, 788641.2546263306, 1975172.7373815149, 978026.8564412817, 2189771.8302943353, 2941731.362612365, 568223.379455486, 307806.5562268498, 3723109.960051225, 461711.8462935604, 1083860.75119398, 2346521.863353917],
	[1682487.0827167495, 4652422.131966163, 3663223.1089953315, 1981867.633077322, 4207594.78308393, 2818135.72172699, 104246.0095320435, 456174.45999056386, 1708491.4263451188, 1447575.904628831, 8162800.489790763, 3622891.170396924, 1548378.1963978119, 1258523.6120955779, 1838340.3765992254, 2070704.404830019, 1212425.897174758, 2167328.4013053705, 308918.61373907054, 534271.5765435136, 56208.541906489634, 1083705.4472809017, 1780307.5595391335, 1967243.746234866, 1796268.603584425, 3243685.6268952666, 2105039.5572747, 4044836.4469301985, 155680.78164012646, 331645.1398072444, 3051935.368962399, 215372.91711000266, 918259.0412520352, 2406401.3759975075, 994457.1072027541, 2364691.913295794, 4115670.8789534993, 488903.24335387757, 0.0, 1210395.614897622, 2352988.43567213, 1466690.101029822, 2678530.5596545627, 3352830.5109738857, 287325.31688363024, 702596.525381041, 4054364.856058081, 950157.3647003121, 1477891.3245595803, 2764744.8676518346],
	[521001.6728794771, 4742983.872474432, 2860974.02241025, 1039764.5065333003, 3631389.7218847713, 2216875.57351014, 1132243.6478010197, 755764.0524544392, 498487.77927568916, 310937.34949830064, 7528387.201735665, 3204925.8906473983, 999688.7280672541, 788145.1881304617, 1389115.1191106788, 1422676.054231989, 579789.1754597636, 1028543.5537871255, 1501406.1568252807, 685583.4511305474, 1265459.9394885525, 1018263.4874876608, 1594911.1857248917, 873898.1514825496, 1120850.2003453139, 2952174.762338607, 1572491.9805560652, 3478782.846154158, 1313970.4542307858, 887764.4815599024, 2277410.7458061962, 1151482.0614216423, 294311.77430771064, 2316314.06836952, 685716.230556554, 1515267.9450329063, 3757647.126352462, 788641.2546263306, 1210395.614897622, 0.0, 2016363.6467287424, 575883.6293557837, 1626065.7643774413, 2812853.5406089313, 1353661.3731162322, 508945.03721134755, 3770402.6805772167, 486748.0966293354, 1242131.3786961504, 2232061.262320464],
	[1807619.137774769, 2784527.7325153453, 1580018.166411638, 1270974.6294383153, 1869831.1976731634, 641945.0710575265, 2255143.0304297074, 2128902.3800242045, 2092283.1823293832, 1807653.6355225553, 5812946.884916363, 1273204.5277510653, 1017799.9499054012, 1274958.1353887557, 627420.2845944667, 706865.5976905755, 1460782.3616951525, 1744766.050799004, 2417412.3490710943, 2060777.9078317408, 2371491.4009977193, 1283710.6405590784, 576433.6725054494, 1602330.5603883164, 935323.0430806134, 943761.5597534091, 496368.8259377398, 1706860.0352206784, 2302851.7031157687, 2145127.418048545, 1079321.121409153, 2140958.4474825202, 2070846.5376481875, 495596.63677407434, 1507386.8351104595, 1016618.132308191, 1790875.9630669614, 1975172.7373815149, 2352988.43567213, 2016363.6467287424, 0.0, 1464819.6140342865, 1584803.650440631, 1027318.6033186369, 2198874.552119026, 2057689.0068125825, 1770758.9394610699, 1693876.6627734124, 891336.0476136393, 511186.63203969103],
