<?xml version="1.0" encoding="UTF-8"?>
<!--
*************************************************
	         AnyLogic Project File 
*************************************************	         
-->
<AnyLogicWorkspace WorkspaceVersion="1.9" AnyLogicVersion="8.8.1.202210270952" AlpVersion="8.7.7">
<Model>
	<Id>1583781170682</Id>
	<Name><![CDATA[Traveling Salesman - Benchmark]]></Name>
	<EngineVersion>6</EngineVersion>
	<JavaPackageName><![CDATA[benchmark___traveling_salesman]]></JavaPackageName>
	<ModelTimeUnit><![CDATA[Second]]></ModelTimeUnit>
	<ActiveObjectClasses>
		<!--   =========   Active Object Class   ========  -->
		<ActiveObjectClass>
			<Id>1583781170688</Id>
			<Name><![CDATA[MainPy4J]]></Name>
			<ClientAreaTopLeft><X>0</X><Y>0</Y></ClientAreaTopLeft>
			<Import><![CDATA[import py4j.GatewayServer;
import java.time.Instant;
import java.time.Duration;]]></Import>
			<StartupCode><![CDATA[// Setup Python connection
GatewayServer.turnLoggingOff();
server = new GatewayServer();
server.start();
pysolver = (ISolver) server.getPythonServerEntryPoint(new Class[] { ISolver.class });

// Run script initialization
Instant start = Instant.now();
pysolver.setup(distanceMatrix, home_index);
setupTime = Duration.between(start, Instant.now()).toNanos()/1e+9;


// For each order size [3, max-1],
//	add a relevant statistics objects and schedule arrivals
double t = 1;
for (int n = 3; n < distanceMatrix.length-1; n++) {
	buildStats.add(new StatisticsDiscrete());
	optimStats.add(new StatisticsDiscrete());
	for (int i = 0; i < 10; i++) {
		create_ScheduleArrival(t, n);
		t += 1d;
	}
}

// Schedule report to print after all agents have been processed
printReport.restart(t+1);]]></StartupCode>
			<DestroyCode><![CDATA[server.shutdown();]]></DestroyCode>
			<Generic>false</Generic>
			<GenericParameter>
				<Id>1583781170686</Id>
				<Name><![CDATA[1583781170686]]></Name>
				<GenericParameterValue Class="CodeValue">
					<Code><![CDATA[T extends Agent]]></Code>
				</GenericParameterValue>
				<GenericParameterLabel><![CDATA[Generic parameter:]]></GenericParameterLabel>
			</GenericParameter>
			<FlowChartsUsage>ENTITY</FlowChartsUsage>
			<SamplesToKeep>100</SamplesToKeep>
			<LimitNumberOfArrayElements>false</LimitNumberOfArrayElements>
			<ElementsLimitValue>100</ElementsLimitValue>
			<MakeDefaultViewArea>true</MakeDefaultViewArea>
			<SceneGridColor/>
			<SceneBackgroundColor/>
			<SceneSkybox>null</SceneSkybox>
			<AgentProperties>
	 			<SpaceType>CONTINUOUS</SpaceType>			
				<EnvironmentDefinesInitialLocation>true</EnvironmentDefinesInitialLocation>
				<RotateAnimationTowardsMovement>true</RotateAnimationTowardsMovement>
				<RotateAnimationVertically>false</RotateAnimationVertically>
				<VelocityCode Class="CodeUnitValue">
					<Code><![CDATA[10]]></Code>
					<Unit Class="SpeedUnits"><![CDATA[MPS]]></Unit>
				</VelocityCode>
				<PhysicalLength Class="CodeUnitValue">
					<Code><![CDATA[1]]></Code>
					<Unit Class="LengthUnits"><![CDATA[METER]]></Unit>
				</PhysicalLength>
				<PhysicalWidth Class="CodeUnitValue">
					<Code><![CDATA[1]]></Code>
					<Unit Class="LengthUnits"><![CDATA[METER]]></Unit>
				</PhysicalWidth>
				<PhysicalHeight Class="CodeUnitValue">
					<Code><![CDATA[1]]></Code>
					<Unit Class="LengthUnits"><![CDATA[METER]]></Unit>
				</PhysicalHeight>
			</AgentProperties>
			<EnvironmentProperties>
					<EnableSteps>false</EnableSteps>
					<StepDurationCode Class="CodeUnitValue">
						<Code><![CDATA[1.0]]></Code>
						<Unit Class="TimeUnits"><![CDATA[SECOND]]></Unit>
					</StepDurationCode>
					<SpaceType>CONTINUOUS</SpaceType>
					<WidthCode><![CDATA[500]]></WidthCode>
					<HeightCode><![CDATA[500]]></HeightCode>
					<ZHeightCode><![CDATA[0]]></ZHeightCode>
					<ColumnsCountCode><![CDATA[100]]></ColumnsCountCode>
					<RowsCountCode><![CDATA[100]]></RowsCountCode>
					<NeigborhoodType>MOORE</NeigborhoodType>
					<LayoutType>USER_DEF</LayoutType>
					<LayoutTypeApplyOnStartup>true</LayoutTypeApplyOnStartup>
					<NetworkType>USER_DEF</NetworkType>
					<NetworkTypeApplyOnStartup>true</NetworkTypeApplyOnStartup>
					<ConnectionsPerAgentCode><![CDATA[2]]></ConnectionsPerAgentCode>
					<ConnectionsRangeCode><![CDATA[50]]></ConnectionsRangeCode>
					<NeighborLinkFractionCode><![CDATA[0.95]]></NeighborLinkFractionCode>
					<MCode><![CDATA[10]]></MCode>
			</EnvironmentProperties>
			<DatasetsCreationProperties>
				<AutoCreate>true</AutoCreate>
					<OccurrenceAtTime>true</OccurrenceAtTime>
					<OccurrenceDate>1583827200000</OccurrenceDate>
					<OccurrenceTime Class="CodeUnitValue">
						<Code><![CDATA[0]]></Code>
						<Unit Class="TimeUnits"><![CDATA[SECOND]]></Unit>
					</OccurrenceTime>
					<RecurrenceCode Class="CodeUnitValue">
						<Code><![CDATA[1]]></Code>
						<Unit Class="TimeUnits"><![CDATA[SECOND]]></Unit>
					</RecurrenceCode>
			</DatasetsCreationProperties>
			<ScaleRuler>
				<Id>1583781170684</Id>
				<Name><![CDATA[scale]]></Name>
				<X>0</X><Y>-150</Y>
				<PublicFlag>false</PublicFlag>
				<PresentationFlag>false</PresentationFlag>
				<ShowLabel>false</ShowLabel>
				<DrawMode>SHAPE_DRAW_2D3D</DrawMode>
				<Length>100</Length>
				<Rotation>0</Rotation>
				<ScaleType>BASED_ON_LENGTH</ScaleType>
				<ModelLength>10</ModelLength>
				<LengthUnits>METER</LengthUnits>
				<Scale>10</Scale>
				<InheritedFromParentAgentType>true</InheritedFromParentAgentType>
			</ScaleRuler>
			<CurrentLevel>1583781170687</CurrentLevel>
			<ConnectionsId>1583781170683</ConnectionsId>
			<Variables>
				<Variable Class="PlainVariable">
					<Id>1583782671291</Id>
					<Name><![CDATA[server]]></Name>
					<X>400</X><Y>100</Y>
					<Label><X>10</X><Y>0</Y></Label>
					<PublicFlag>false</PublicFlag>
					<PresentationFlag>true</PresentationFlag>
					<ShowLabel>true</ShowLabel>
					<Properties SaveInSnapshot="true" Constant="false" AccessType="public" StaticVariable="false">
						<Type><![CDATA[GatewayServer]]></Type>        
					</Properties>
				</Variable>
				<Variable Class="PlainVariable">
					<Id>1583782761052</Id>
					<Name><![CDATA[pysolver]]></Name>
					<X>400</X><Y>150</Y>
					<Label><X>10</X><Y>0</Y></Label>
					<PublicFlag>false</PublicFlag>
					<PresentationFlag>true</PresentationFlag>
					<ShowLabel>true</ShowLabel>
					<Properties SaveInSnapshot="true" Constant="false" AccessType="public" StaticVariable="false">
						<Type><![CDATA[ISolver]]></Type>        
					</Properties>
				</Variable>
				<Variable Class="PlainVariable">
					<Id>1605816811145</Id>
					<Name><![CDATA[distanceMatrix]]></Name>
					<X>100</X><Y>150</Y>
					<Label><X>10</X><Y>0</Y></Label>
					<PublicFlag>false</PublicFlag>
					<PresentationFlag>true</PresentationFlag>
					<ShowLabel>true</ShowLabel>
					<Properties SaveInSnapshot="true" Constant="true" AccessType="public" StaticVariable="true">
						<Type><![CDATA[double[][]]]></Type>        
						<InitialValue Class="CodeValue">
							<Code><![CDATA[new double[][]{
	{0.0, 1269190.633, 3243408.148, 657659.49, 1613078.582, 1488308.678, 3321476.106, 1594913.681, 3428481.169, 477029.758, 1760821.091, 2894182.75, 2245822.6, 2213140.004, 1148267.76, 845319.37}, 
	{1269190.633, 0.0, 4490929.729, 1926979.737, 2860600.162, 2485637.867, 4590796.353, 343146.265, 4676002.75, 1529209.373, 2622400.256, 3946362.365, 3493344.181, 2061967.581, 1391798.248, 1914537.577}, 
	{3243408.148, 4490929.729, 0.0, 3099724.102, 1635529.913, 2310130.101, 1826700.641, 4814637.339, 613236.255, 2933467.24, 2487218.883, 597379.097, 1108496.82, 4393243.585, 3497422.294, 2601434.088}, 
	{657659.49, 1926979.737, 3099724.102, 0.0, 1470908.848, 1511920.129, 2665285.288, 2250592.824, 3286311.435, 860594.844, 1894842.635, 2885223.902, 2103652.866, 2878034.055, 1813161.811, 703149.636}, 
	{1613078.582, 2860600.162, 1635529.913, 1470908.848, 0.0, 1414332.637, 2141305.538, 3185787.104, 2039726.738, 1365774.249, 1798490.536, 1462650.324, 857068.169, 3317364.898, 2252492.654, 967822.85}, 
	{1488308.678, 2485637.867, 2310130.101, 1511920.129, 1414332.637, 0.0, 3541264.842, 2827413.863, 2785976.693, 1014007.34, 383979.031, 1720932.226, 2257027.473, 2186991.81, 1257223.857, 814413.298}, 
	{3321476.106, 4590796.353, 1826700.641, 2665285.288, 2141305.538, 3541264.842, 0.0, 4914554.315, 1298364.129, 3411162.012, 3926033.165, 2414678.82, 1353412.276, 5362752.661, 4297880.417, 3006561.113}, 
	{1594913.681, 343146.265, 4814637.339, 2250592.824, 3185787.104, 2827413.863, 4914554.315, 0.0, 4998030.353, 1894432.979, 2961400.365, 4311585.971, 3815371.784, 2398546.312, 1728376.979, 2279761.183}, 
	{3428481.169, 4676002.75, 613236.255, 3286311.435, 2039726.738, 2785976.693, 1298364.129, 4998030.353, 0.0, 3308311.538, 3097033.635, 1207193.85, 1184113.064, 5003058.337, 3977121.22, 2903710.639}, 
	{477029.758, 1529209.373, 2933467.24, 860594.844, 1365774.249, 1014007.34, 3411162.012, 1894432.979, 3308311.538, 0.0, 1360115.16, 2418438.668, 2125828.133, 1953423.075, 888550.831, 398600.834}, 
	{1760821.091, 2622400.256, 2487218.883, 1894842.635, 1798490.536, 383979.031, 3926033.165, 2961400.365, 3097033.635, 1360115.16, 0.0, 1890014.168, 2641386.32, 1909296.186, 1276332.055, 1196966.859}, 
	{2894182.75, 3946362.365, 597379.097, 2885223.902, 1462650.324, 1720932.226, 2414678.82, 4311585.971, 1207193.85, 2418438.668, 1890014.168, 0.0, 1066958.117, 3796232.474, 2980024.804, 2180302.475}, 
	{2245822.6, 3493344.181, 1108496.82, 2103652.866, 857068.169, 2257027.473, 1353412.276, 3815371.784, 1184113.064, 2125828.133, 2641386.32, 1066958.117, 0.0, 4077416.178, 3012543.934, 1721224.63}, 
	{2213140.004, 2061967.581, 4393243.585, 2878034.055, 3317364.898, 2186991.81, 5362752.661, 2398546.312, 5003058.337, 1953423.075, 1909296.186, 3796232.474, 4077416.178, 0.0, 1064646.835, 2352520.155}, 
	{1148267.76, 1391798.248, 3497422.294, 1813161.811, 2252492.654, 1257223.857, 4297880.417, 1728376.979, 3977121.22, 888550.831, 1276332.055, 2980024.804, 3012543.934, 1064646.835, 0.0, 1288112.828}, 
	{845319.37, 1914537.577, 2601434.088, 703149.636, 967822.85, 814413.298, 3006561.113, 2279761.183, 2903710.639, 398600.834, 1196966.859, 2180302.475, 1721224.63, 2352520.155, 1288112.828, 0.0}
}]]></Code>
						</InitialValue>
					</Properties>
				</Variable>
				<Variable Class="PlainVariable">
					<Id>1605816953778</Id>
					<Name><![CDATA[home_index]]></Name>
					<X>100</X><Y>100</Y>
					<Label><X>10</X><Y>0</Y></Label>
					<PublicFlag>false</PublicFlag>
					<PresentationFlag>true</PresentationFlag>
					<ShowLabel>true</ShowLabel>
					<Properties SaveInSnapshot="true" Constant="true" AccessType="public" StaticVariable="true">
						<Type><![CDATA[int]]></Type>        
						<InitialValue Class="CodeValue">
							<Code><![CDATA[15]]></Code>
						</InitialValue>
					</Properties>
				</Variable>
				<Variable Class="PlainVariable">
					<Id>1605819679657</Id>
					<Name><![CDATA[setupTime]]></Name>
					<X>550</X><Y>100</Y>
					<Label><X>10</X><Y>0</Y></Label>
					<PublicFlag>false</PublicFlag>
					<PresentationFlag>true</PresentationFlag>
					<ShowLabel>true</ShowLabel>
					<Properties SaveInSnapshot="true" Constant="false" AccessType="public" StaticVariable="false">
						<Type><![CDATA[double]]></Type>        
					</Properties>
				</Variable>
				<Variable Class="CollectionVariable">
					<Id>1605819570342</Id>
					<Name><![CDATA[buildStats]]></Name>
					<X>550</X><Y>150</Y>
					<Label><X>10</X><Y>0</Y></Label>
					<PublicFlag>false</PublicFlag>
					<PresentationFlag>true</PresentationFlag>
					<ShowLabel>true</ShowLabel>
					<Properties SaveInSnapshot="true" AccessType="public" StaticVariable="false">
						<CollectionClass><![CDATA[ArrayList]]></CollectionClass>
						<ElementClass><![CDATA[StatisticsDiscrete]]></ElementClass>
						<ValueElementClass><![CDATA[String]]></ValueElementClass>
					</Properties>

				</Variable>
				<Variable Class="CollectionVariable">
					<Id>1605819577273</Id>
					<Name><![CDATA[optimStats]]></Name>
					<X>550</X><Y>200</Y>
					<Label><X>10</X><Y>0</Y></Label>
					<PublicFlag>false</PublicFlag>
					<PresentationFlag>true</PresentationFlag>
					<ShowLabel>true</ShowLabel>
					<Properties SaveInSnapshot="true" AccessType="public" StaticVariable="false">
						<CollectionClass><![CDATA[ArrayList]]></CollectionClass>
						<ElementClass><![CDATA[StatisticsDiscrete]]></ElementClass>
						<ValueElementClass><![CDATA[String]]></ValueElementClass>
					</Properties>

				</Variable>
			</Variables>
			<Connectors>
				<Connector>
					<Id>1605818359507</Id>
					<Name><![CDATA[connector]]></Name>
					<X>200</X><Y>400</Y>
					<Label><X>10</X><Y>0</Y></Label>
					<PublicFlag>false</PublicFlag>
					<PresentationFlag>true</PresentationFlag>
					<ShowLabel>false</ShowLabel>
					<SourceEmbeddedObjectReference>
						<PackageName><![CDATA[benchmark___traveling_salesman]]></PackageName>
						<ClassName><![CDATA[MainPy4J]]></ClassName>
						<ItemName><![CDATA[delay]]></ItemName>
					</SourceEmbeddedObjectReference>
					<SourceConnectableItemReference>
						<PackageName><![CDATA[com.anylogic.libraries.processmodeling]]></PackageName>
						<ClassName><![CDATA[Delay]]></ClassName>
						<ItemName><![CDATA[in]]></ItemName>
					</SourceConnectableItemReference>
					<TargetEmbeddedObjectReference>
						<PackageName><![CDATA[benchmark___traveling_salesman]]></PackageName>
						<ClassName><![CDATA[MainPy4J]]></ClassName>
						<ItemName><![CDATA[enter]]></ItemName>
					</TargetEmbeddedObjectReference>
					<TargetConnectableItemReference>
						<PackageName><![CDATA[com.anylogic.libraries.processmodeling]]></PackageName>
						<ClassName><![CDATA[Enter]]></ClassName>
						<ItemName><![CDATA[out]]></ItemName>
					</TargetConnectableItemReference>
					<Points>
						<Point><X>0</X><Y>0</Y></Point>
						<Point><X>-70</X><Y>0</Y></Point>
					</Points>
				</Connector>
				<Connector>
					<Id>1605818379292</Id>
					<Name><![CDATA[connector1]]></Name>
					<X>0</X><Y>0</Y>
					<Label><X>10</X><Y>0</Y></Label>
					<PublicFlag>false</PublicFlag>
					<PresentationFlag>true</PresentationFlag>
					<ShowLabel>false</ShowLabel>
					<SourceEmbeddedObjectReference>
						<PackageName><![CDATA[benchmark___traveling_salesman]]></PackageName>
						<ClassName><![CDATA[MainPy4J]]></ClassName>
						<ItemName><![CDATA[sink]]></ItemName>
					</SourceEmbeddedObjectReference>
					<SourceConnectableItemReference>
						<PackageName><![CDATA[com.anylogic.libraries.processmodeling]]></PackageName>
						<ClassName><![CDATA[Sink]]></ClassName>
						<ItemName><![CDATA[in]]></ItemName>
					</SourceConnectableItemReference>
					<TargetEmbeddedObjectReference>
						<PackageName><![CDATA[benchmark___traveling_salesman]]></PackageName>
						<ClassName><![CDATA[MainPy4J]]></ClassName>
						<ItemName><![CDATA[delay]]></ItemName>
					</TargetEmbeddedObjectReference>
					<TargetConnectableItemReference>
						<PackageName><![CDATA[com.anylogic.libraries.processmodeling]]></PackageName>
						<ClassName><![CDATA[Delay]]></ClassName>
						<ItemName><![CDATA[out]]></ItemName>
					</TargetConnectableItemReference>
					<Points>
						<Point><X>290</X><Y>400</Y></Point>
						<Point><X>240</X><Y>400</Y></Point>
					</Points>
				</Connector>
			</Connectors>
			<Events>
				<Event>
					<Id>1605819996828</Id>
					<Name><![CDATA[printReport]]></Name>
					<X>250</X><Y>330</Y>
					<Label><X>10</X><Y>0</Y></Label>
					<PublicFlag>false</PublicFlag>
					<PresentationFlag>true</PresentationFlag>
					<ShowLabel>true</ShowLabel>
					<Properties TriggerType="timeout" Mode="userControls">
						<Timeout Class="CodeUnitValue">
							<Code><![CDATA[1]]></Code>
							<Unit Class="TimeUnits"><![CDATA[HOUR]]></Unit>
						</Timeout>
						<Rate Class="CodeUnitValue">
							<Code><![CDATA[1]]></Code>
							<Unit Class="RateUnits"><![CDATA[PER_HOUR]]></Unit>
						</Rate>
						<OccurrenceAtTime>true</OccurrenceAtTime>
						<OccurrenceDate>1605859200000</OccurrenceDate>
						<OccurrenceTime Class="CodeUnitValue">
							<Code><![CDATA[0]]></Code>
							<Unit Class="TimeUnits"><![CDATA[HOUR]]></Unit>
						</OccurrenceTime>
						<RecurrenceCode Class="CodeUnitValue">
							<Code><![CDATA[1]]></Code>
							<Unit Class="TimeUnits"><![CDATA[HOUR]]></Unit>
						</RecurrenceCode>
						<Condition><![CDATA[false]]></Condition>
					</Properties>
					<Action><![CDATA[StatisticsDiscrete build = null, optim = null;
double bmean = 0, bconf = 0, blower = 0, bupper = 0; 
double omean = 0, oconf = 0, olower = 0, oupper = 0;

String name = getClass().getSimpleName().replace("Main", "");
for (int i = 0; i < buildStats.size(); i++) {
	int n = i+3;
	
	build = buildStats.get(i);
	bmean = build.mean();
	bconf = build.meanConfidence();
	blower = limitMin(bmean - bconf, build.min());
	bupper = bmean + bconf;
	
	optim = optimStats.get(i);
	omean = optim.mean();
	oconf = optim.meanConfidence();
	olower = limitMin(omean - oconf, optim.min());
	oupper = omean + oconf;
	
	traceln("%s\t%2d\t%s\t%s\t%s\t%s\t%s\t%s\t%s\t%s", name, n, bmean, bconf, blower, bupper, omean, oconf, olower, oupper);
}]]></Action>
				</Event>
			</Events>
			<DynamicEvents>
				<DynamicEventClass>
					<Id>1605819153781</Id>
					<Name><![CDATA[ScheduleArrival]]></Name>
					<X>100</X><Y>330</Y>
					<Label><X>10</X><Y>0</Y></Label>
					<PublicFlag>false</PublicFlag>
					<PresentationFlag>true</PresentationFlag>
					<ShowLabel>true</ShowLabel>
					<Parameter>
						<Name><![CDATA[n]]></Name>
						<Type><![CDATA[int]]></Type>
					</Parameter>
					<Action><![CDATA[enter.take(add_orders(n));]]></Action>
				</DynamicEventClass>
			</DynamicEvents>
			<Functions>
				<Function AccessType="default" StaticFunction="false">
					<ReturnModificator>RETURNS_VALUE</ReturnModificator>
					<ReturnType><![CDATA[double]]></ReturnType>
					<Id>1583781221716</Id>
					<Name><![CDATA[optimizeOrder]]></Name>
					<X>250</X><Y>150</Y>
					<Label><X>10</X><Y>0</Y></Label>
					<PublicFlag>false</PublicFlag>
					<PresentationFlag>false</PresentationFlag>
					<ShowLabel>true</ShowLabel>
					<Parameter>
						<Name><![CDATA[order]]></Name>
						<Type><![CDATA[Order]]></Type>
					</Parameter>
					<Body><![CDATA[Instant start = Instant.now();

int[] newDests = pysolver.get_optimized_order(order.destinations);

// return the duration
return Duration.between(start, Instant.now()).toNanos()/1e+9;]]></Body>
				</Function>
			</Functions>
			<AgentLinks>
				<AgentLink>
					<Id>1583781170683</Id>
					<Name><![CDATA[connections]]></Name>
					<X>50</X><Y>-50</Y>
					<Label><X>15</X><Y>0</Y></Label>
					<PublicFlag>false</PublicFlag>
					<PresentationFlag>true</PresentationFlag>
					<ShowLabel>true</ShowLabel>
					<HandleReceiveInConnections>false</HandleReceiveInConnections>
					<AgentLinkType>COLLECTION_OF_LINKS</AgentLinkType>
					<AgentLinkBidirectional>true</AgentLinkBidirectional>
					<MessageType><![CDATA[Object]]></MessageType>
					<LineStyle>SOLID</LineStyle>
					<LineWidth>1</LineWidth>
					<LineColor>-16777216</LineColor>
					<LineZOrder>UNDER_AGENTS</LineZOrder>
					<LineArrow>NONE</LineArrow>
					<LineArrowPosition>END</LineArrowPosition>
				</AgentLink>
			</AgentLinks>

			<EmbeddedObjects>
				<EmbeddedObject>
					<Id>1583781221754</Id>
					<Name><![CDATA[orders]]></Name>
					<X>250</X><Y>100</Y>
					<Label><X>10</X><Y>0</Y></Label>
					<PublicFlag>false</PublicFlag>
					<PresentationFlag>true</PresentationFlag>
					<ShowLabel>true</ShowLabel>
					<PresentationId>1583781610670</PresentationId>
					<ActiveObjectClass>
						<PackageName><![CDATA[benchmark___traveling_salesman]]></PackageName>
						<ClassName><![CDATA[Order]]></ClassName>
					</ActiveObjectClass>
					<GenericParameterSubstitute>
						<GenericParameterSubstituteReference>
							<PackageName><![CDATA[benchmark___traveling_salesman]]></PackageName>
							<ClassName><![CDATA[Order]]></ClassName>
							<ItemName><![CDATA[1583781195734]]></ItemName>
						</GenericParameterSubstituteReference>
					</GenericParameterSubstitute>
					<Parameters>
						<Parameter>
							<Name><![CDATA[nHubsToChoose]]></Name>
						</Parameter>
					</Parameters>
					<ReplicationFlag>true</ReplicationFlag>
					<Replication Class="CodeValue">
						<Code><![CDATA[10]]></Code>
					</Replication>
					<CollectionType>ARRAY_LIST_BASED</CollectionType>
					<InEnvironment>true</InEnvironment>	
					<InitialLocationType>AT_ANIMATION_POSITION</InitialLocationType>
					<XCode Class="CodeValue">
						<Code><![CDATA[0]]></Code>
					</XCode>
					<YCode Class="CodeValue">
						<Code><![CDATA[0]]></Code>
					</YCode>
					<ZCode Class="CodeValue">
						<Code><![CDATA[0]]></Code>
					</ZCode>
					<ColumnCode Class="CodeValue">
						<Code><![CDATA[0]]></Code>
					</ColumnCode>
					<RowCode Class="CodeValue">
						<Code><![CDATA[0]]></Code>
					</RowCode>
					<LatitudeCode Class="CodeValue">
						<Code><![CDATA[0]]></Code>
					</LatitudeCode>
					<LongitudeCode Class="CodeValue">
						<Code><![CDATA[0]]></Code>
					</LongitudeCode>
					<LocationNameCode Class="CodeValue">
						<Code><![CDATA[""]]></Code>
					</LocationNameCode>
					<InitializationType>EMPTY</InitializationType>
					<InitializationDatabaseTableQuery>
						<TableReference>
						</TableReference>
					</InitializationDatabaseTableQuery>
					<InitializationDatabaseType>ONE_AGENT_PER_DATABASE_RECORD</InitializationDatabaseType>
					<QuantityColumn>
					</QuantityColumn>
				</EmbeddedObject>
				<EmbeddedObject>
					<Id>1605818358402</Id>
					<Name><![CDATA[delay]]></Name>
					<X>200</X><Y>380</Y>
					<Label><X>0</X><Y>-10</Y></Label>
					<PublicFlag>false</PublicFlag>
					<PresentationFlag>true</PresentationFlag>
					<ShowLabel>true</ShowLabel>
					<ActiveObjectClass>
						<PackageName><![CDATA[com.anylogic.libraries.processmodeling]]></PackageName>
						<ClassName><![CDATA[Delay]]></ClassName>
					</ActiveObjectClass>
					<GenericParameterSubstitute>
						<GenericParameterSubstituteReference>
							<PackageName><![CDATA[com.anylogic.libraries.processmodeling]]></PackageName>
							<ClassName><![CDATA[Delay]]></ClassName>
							<ItemName><![CDATA[1412336242930]]></ItemName>
						</GenericParameterSubstituteReference>
					</GenericParameterSubstitute>
					<Parameters>
						<Parameter>
							<Name><![CDATA[type]]></Name>
						</Parameter>
						<Parameter>
							<Name><![CDATA[delayTime]]></Name>
							<Value Class="CodeUnitValue">
								<Code><![CDATA[0.5]]></Code>
								<Unit Class="TimeUnits"><![CDATA[SECOND]]></Unit>
							</Value>
						</Parameter>
						<Parameter>
							<Name><![CDATA[capacity]]></Name>
						</Parameter>
						<Parameter>
							<Name><![CDATA[maximumCapacity]]></Name>
						</Parameter>
						<Parameter>
							<Name><![CDATA[entityLocation]]></Name>
						</Parameter>
						<Parameter>
							<Name><![CDATA[pushProtocol]]></Name>
						</Parameter>
						<Parameter>
							<Name><![CDATA[restoreEntityLocationOnExit]]></Name>
						</Parameter>
						<Parameter>
							<Name><![CDATA[forceStatisticsCollection]]></Name>
						</Parameter>
						<Parameter>
							<Name><![CDATA[onEnter]]></Name>
							<Value Class="CodeValue">
								<Code><![CDATA[// update relevant statistics objects
int n = agent.nHubsToChoose;
int i = n-3;

double buildTime = agent.buildTime;
buildStats.get(i).add(buildTime);
double optimTime = optimizeOrder(agent);
optimStats.get(i).add(optimTime);]]></Code>
							</Value>
						</Parameter>
						<Parameter>
							<Name><![CDATA[onAtExit]]></Name>
						</Parameter>
						<Parameter>
							<Name><![CDATA[onExit]]></Name>
						</Parameter>
						<Parameter>
							<Name><![CDATA[onRemove]]></Name>
						</Parameter>
					</Parameters>
					<ReplicationFlag>false</ReplicationFlag>
					<Replication Class="CodeValue">
						<Code><![CDATA[100]]></Code>
					</Replication>
					<CollectionType>ARRAY_LIST_BASED</CollectionType>
					<InitialLocationType>AT_ANIMATION_POSITION</InitialLocationType>
					<XCode Class="CodeValue">
						<Code><![CDATA[0]]></Code>
					</XCode>
					<YCode Class="CodeValue">
						<Code><![CDATA[0]]></Code>
					</YCode>
					<ZCode Class="CodeValue">
						<Code><![CDATA[0]]></Code>
					</ZCode>
					<ColumnCode Class="CodeValue">
						<Code><![CDATA[0]]></Code>
					</ColumnCode>
					<RowCode Class="CodeValue">
						<Code><![CDATA[0]]></Code>
					</RowCode>
					<LatitudeCode Class="CodeValue">
						<Code><![CDATA[0]]></Code>
					</LatitudeCode>
					<LongitudeCode Class="CodeValue">
						<Code><![CDATA[0]]></Code>
					</LongitudeCode>
					<LocationNameCode Class="CodeValue">
						<Code><![CDATA[""]]></Code>
					</LocationNameCode>
					<InitializationType>SPECIFIED_NUMBER</InitializationType>
					<InitializationDatabaseTableQuery>
						<TableReference>
						</TableReference>
					</InitializationDatabaseTableQuery>
					<InitializationDatabaseType>ONE_AGENT_PER_DATABASE_RECORD</InitializationDatabaseType>
					<QuantityColumn>
					</QuantityColumn>
				</EmbeddedObject>
				<EmbeddedObject>
					<Id>1605818378505</Id>
					<Name><![CDATA[sink]]></Name>
					<X>290</X><Y>390</Y>
					<Label><X>-10</X><Y>-20</Y></Label>
					<PublicFlag>false</PublicFlag>
					<PresentationFlag>true</PresentationFlag>
					<ShowLabel>true</ShowLabel>
					<ActiveObjectClass>
						<PackageName><![CDATA[com.anylogic.libraries.processmodeling]]></PackageName>
						<ClassName><![CDATA[Sink]]></ClassName>
					</ActiveObjectClass>
					<GenericParameterSubstitute>
						<GenericParameterSubstituteReference>
							<PackageName><![CDATA[com.anylogic.libraries.processmodeling]]></PackageName>
							<ClassName><![CDATA[Sink]]></ClassName>
							<ItemName><![CDATA[1412336242929]]></ItemName>
						</GenericParameterSubstituteReference>
					</GenericParameterSubstitute>
					<Parameters>
						<Parameter>
							<Name><![CDATA[onEnter]]></Name>
						</Parameter>
						<Parameter>
							<Name><![CDATA[destroyEntity]]></Name>
						</Parameter>
					</Parameters>
					<ReplicationFlag>false</ReplicationFlag>
					<Replication Class="CodeValue">
						<Code><![CDATA[100]]></Code>
					</Replication>
					<CollectionType>ARRAY_LIST_BASED</CollectionType>
					<InitialLocationType>AT_ANIMATION_POSITION</InitialLocationType>
					<XCode Class="CodeValue">
						<Code><![CDATA[0]]></Code>
					</XCode>
					<YCode Class="CodeValue">
						<Code><![CDATA[0]]></Code>
					</YCode>
					<ZCode Class="CodeValue">
						<Code><![CDATA[0]]></Code>
					</ZCode>
					<ColumnCode Class="CodeValue">
						<Code><![CDATA[0]]></Code>
					</ColumnCode>
					<RowCode Class="CodeValue">
						<Code><![CDATA[0]]></Code>
					</RowCode>
					<LatitudeCode Class="CodeValue">
						<Code><![CDATA[0]]></Code>
					</LatitudeCode>
					<LongitudeCode Class="CodeValue">
						<Code><![CDATA[0]]></Code>
					</LongitudeCode>
					<LocationNameCode Class="CodeValue">
						<Code><![CDATA[""]]></Code>
					</LocationNameCode>
					<InitializationType>SPECIFIED_NUMBER</InitializationType>
					<InitializationDatabaseTableQuery>
						<TableReference>
						</TableReference>
					</InitializationDatabaseTableQuery>
					<InitializationDatabaseType>ONE_AGENT_PER_DATABASE_RECORD</InitializationDatabaseType>
					<QuantityColumn>
					</QuantityColumn>
				</EmbeddedObject>
				<EmbeddedObject>
					<Id>1605819077526</Id>
					<Name><![CDATA[enter]]></Name>
					<X>110</X><Y>390</Y>
					<Label><X>-5</X><Y>-15</Y></Label>
					<PublicFlag>false</PublicFlag>
					<PresentationFlag>true</PresentationFlag>
					<ShowLabel>true</ShowLabel>
					<ActiveObjectClass>
						<PackageName><![CDATA[com.anylogic.libraries.processmodeling]]></PackageName>
						<ClassName><![CDATA[Enter]]></ClassName>
					</ActiveObjectClass>
					<GenericParameterSubstitute>
						<GenericParameterSubstituteReference>
							<PackageName><![CDATA[com.anylogic.libraries.processmodeling]]></PackageName>
							<ClassName><![CDATA[Enter]]></ClassName>
							<ItemName><![CDATA[1412336242933]]></ItemName>
						</GenericParameterSubstituteReference>
						<GenericParameterSubstituteValue Class="CodeValue">
							<Code><![CDATA[Order]]></Code>
						</GenericParameterSubstituteValue>
					</GenericParameterSubstitute>
					<Parameters>
						<Parameter>
							<Name><![CDATA[locationType]]></Name>
						</Parameter>
						<Parameter>
							<Name><![CDATA[locationX]]></Name>
						</Parameter>
						<Parameter>
							<Name><![CDATA[locationY]]></Name>
						</Parameter>
						<Parameter>
							<Name><![CDATA[locationZ]]></Name>
						</Parameter>
						<Parameter>
							<Name><![CDATA[locationLatitude]]></Name>
						</Parameter>
						<Parameter>
							<Name><![CDATA[locationLongitude]]></Name>
						</Parameter>
						<Parameter>
							<Name><![CDATA[locationGeoPlaceName]]></Name>
						</Parameter>
						<Parameter>
							<Name><![CDATA[locationXYZInNetwork]]></Name>
						</Parameter>
						<Parameter>
							<Name><![CDATA[locationNetwork]]></Name>
						</Parameter>
						<Parameter>
							<Name><![CDATA[locationLevel]]></Name>
						</Parameter>
						<Parameter>
							<Name><![CDATA[locationNode]]></Name>
						</Parameter>
						<Parameter>
							<Name><![CDATA[locationAttractor]]></Name>
						</Parameter>
						<Parameter>
							<Name><![CDATA[speed]]></Name>
						</Parameter>
						<Parameter>
							<Name><![CDATA[changeDimensions]]></Name>
						</Parameter>
						<Parameter>
							<Name><![CDATA[length]]></Name>
						</Parameter>
						<Parameter>
							<Name><![CDATA[width]]></Name>
						</Parameter>
						<Parameter>
							<Name><![CDATA[height]]></Name>
						</Parameter>
						<Parameter>
							<Name><![CDATA[addToCustomPopulation]]></Name>
						</Parameter>
						<Parameter>
							<Name><![CDATA[population]]></Name>
						</Parameter>
						<Parameter>
							<Name><![CDATA[pushProtocol]]></Name>
						</Parameter>
						<Parameter>
							<Name><![CDATA[onEnter]]></Name>
						</Parameter>
						<Parameter>
							<Name><![CDATA[onRemove]]></Name>
						</Parameter>
						<Parameter>
							<Name><![CDATA[onAtEnter]]></Name>
						</Parameter>
					</Parameters>
					<ReplicationFlag>false</ReplicationFlag>
					<Replication Class="CodeValue">
						<Code><![CDATA[100]]></Code>
					</Replication>
					<CollectionType>ARRAY_LIST_BASED</CollectionType>
					<InitialLocationType>AT_ANIMATION_POSITION</InitialLocationType>
					<XCode Class="CodeValue">
						<Code><![CDATA[0]]></Code>
					</XCode>
					<YCode Class="CodeValue">
						<Code><![CDATA[0]]></Code>
					</YCode>
					<ZCode Class="CodeValue">
						<Code><![CDATA[0]]></Code>
					</ZCode>
					<ColumnCode Class="CodeValue">
						<Code><![CDATA[0]]></Code>
					</ColumnCode>
					<RowCode Class="CodeValue">
						<Code><![CDATA[0]]></Code>
					</RowCode>
					<LatitudeCode Class="CodeValue">
						<Code><![CDATA[0]]></Code>
					</LatitudeCode>
					<LongitudeCode Class="CodeValue">
						<Code><![CDATA[0]]></Code>
					</LongitudeCode>
					<LocationNameCode Class="CodeValue">
						<Code><![CDATA[""]]></Code>
					</LocationNameCode>
					<InitializationType>SPECIFIED_NUMBER</InitializationType>
					<InitializationDatabaseTableQuery>
						<TableReference>
						</TableReference>
					</InitializationDatabaseTableQuery>
					<InitializationDatabaseType>ONE_AGENT_PER_DATABASE_RECORD</InitializationDatabaseType>
					<QuantityColumn>
					</QuantityColumn>
				</EmbeddedObject>
			</EmbeddedObjects>

			<Presentation>
				<Level>
					<Id>1583781170687</Id>
					<Name><![CDATA[level]]></Name>
					<X>0</X><Y>0</Y>
					<Label><X>10</X><Y>0</Y></Label>
					<PublicFlag>true</PublicFlag>
					<PresentationFlag>true</PresentationFlag>
					<ShowLabel>false</ShowLabel>
					<DrawMode>SHAPE_DRAW_2D3D</DrawMode>
					<Z>0</Z>
					<LevelVisibility>DIM_NON_CURRENT</LevelVisibility>

			<Presentation>
				<EmbeddedObjectPresentation>
					<Id>1583781610670</Id>
					<Name><![CDATA[orders_presentation]]></Name>
					<X>0</X><Y>0</Y>
					<Label><X>10</X><Y>0</Y></Label>
					<PublicFlag>true</PublicFlag>
					<PresentationFlag>true</PresentationFlag>
					<ShowLabel>false</ShowLabel>
					<DrawMode>SHAPE_DRAW_2D3D</DrawMode>
					<EmbeddedIcon>false</EmbeddedIcon>
					<Z>0</Z>
					<Rotation>0.0</Rotation>
					<DrawingMode>AGENT_CURRENT_POSITION</DrawingMode>
					<ScaleType>AUTOMATICALLY_CALCULATED</ScaleType>
					<GISScaleForRealEmbeddedObjectPresentationSize>1000</GISScaleForRealEmbeddedObjectPresentationSize>
					<GISScaleForFixedEmbeddedObjectPresentationSize>1000000000</GISScaleForFixedEmbeddedObjectPresentationSize>
					<Latitude>40.799730372085726</Latitude>
					<Longitude>-97.19670228411431</Longitude>
				</EmbeddedObjectPresentation>
			</Presentation>

				</Level>
			</Presentation>

		</ActiveObjectClass>
		<!--   =========   Active Object Class   ========  -->
		<ActiveObjectClass>
			<Id>1583781195620</Id>
			<Name><![CDATA[Hub]]></Name>
			<ClientAreaTopLeft><X>0</X><Y>0</Y></ClientAreaTopLeft>
			<Generic>false</Generic>
			<GenericParameter>
				<Id>1583781195615</Id>
				<Name><![CDATA[1583781195615]]></Name>
				<GenericParameterValue Class="CodeValue">
					<Code><![CDATA[T extends Agent]]></Code>
				</GenericParameterValue>
				<GenericParameterLabel><![CDATA[Generic parameter:]]></GenericParameterLabel>
			</GenericParameter>
			<FlowChartsUsage>ENTITY</FlowChartsUsage>
			<SamplesToKeep>100</SamplesToKeep>
			<LimitNumberOfArrayElements>false</LimitNumberOfArrayElements>
			<ElementsLimitValue>100</ElementsLimitValue>
			<MakeDefaultViewArea>true</MakeDefaultViewArea>
			<SceneGridColor/>
			<SceneBackgroundColor/>
			<SceneSkybox>null</SceneSkybox>
			<AgentProperties>
	 			<SpaceType>CONTINUOUS</SpaceType>			
				<EnvironmentDefinesInitialLocation>true</EnvironmentDefinesInitialLocation>
				<RotateAnimationTowardsMovement>true</RotateAnimationTowardsMovement>
				<RotateAnimationVertically>false</RotateAnimationVertically>
				<VelocityCode Class="CodeUnitValue">
					<Code><![CDATA[10]]></Code>
					<Unit Class="SpeedUnits"><![CDATA[MPS]]></Unit>
				</VelocityCode>
				<PhysicalLength Class="CodeUnitValue">
					<Code><![CDATA[1]]></Code>
					<Unit Class="LengthUnits"><![CDATA[METER]]></Unit>
				</PhysicalLength>
				<PhysicalWidth Class="CodeUnitValue">
					<Code><![CDATA[1]]></Code>
					<Unit Class="LengthUnits"><![CDATA[METER]]></Unit>
				</PhysicalWidth>
				<PhysicalHeight Class="CodeUnitValue">
					<Code><![CDATA[1]]></Code>
					<Unit Class="LengthUnits"><![CDATA[METER]]></Unit>
				</PhysicalHeight>
			</AgentProperties>
			<EnvironmentProperties>
					<EnableSteps>false</EnableSteps>
					<StepDurationCode Class="CodeUnitValue">
						<Code><![CDATA[1.0]]></Code>
						<Unit Class="TimeUnits"><![CDATA[SECOND]]></Unit>
					</StepDurationCode>
					<SpaceType>CONTINUOUS</SpaceType>
					<WidthCode><![CDATA[500]]></WidthCode>
					<HeightCode><![CDATA[500]]></HeightCode>
					<ZHeightCode><![CDATA[0]]></ZHeightCode>
					<ColumnsCountCode><![CDATA[100]]></ColumnsCountCode>
					<RowsCountCode><![CDATA[100]]></RowsCountCode>
					<NeigborhoodType>MOORE</NeigborhoodType>
					<LayoutType>USER_DEF</LayoutType>
					<LayoutTypeApplyOnStartup>true</LayoutTypeApplyOnStartup>
					<NetworkType>USER_DEF</NetworkType>
					<NetworkTypeApplyOnStartup>true</NetworkTypeApplyOnStartup>
					<ConnectionsPerAgentCode><![CDATA[2]]></ConnectionsPerAgentCode>
					<ConnectionsRangeCode><![CDATA[50]]></ConnectionsRangeCode>
					<NeighborLinkFractionCode><![CDATA[0.95]]></NeighborLinkFractionCode>
					<MCode><![CDATA[10]]></MCode>
			</EnvironmentProperties>
			<DatasetsCreationProperties>
				<AutoCreate>true</AutoCreate>
					<OccurrenceAtTime>true</OccurrenceAtTime>
					<OccurrenceDate>1582099200000</OccurrenceDate>
					<OccurrenceTime Class="CodeUnitValue">
						<Code><![CDATA[0]]></Code>
						<Unit Class="TimeUnits"><![CDATA[SECOND]]></Unit>
					</OccurrenceTime>
					<RecurrenceCode Class="CodeUnitValue">
						<Code><![CDATA[1]]></Code>
						<Unit Class="TimeUnits"><![CDATA[SECOND]]></Unit>
					</RecurrenceCode>
			</DatasetsCreationProperties>
			<ScaleRuler>
				<Id>1583781195616</Id>
				<Name><![CDATA[scale]]></Name>
				<X>0</X><Y>-150</Y>
				<PublicFlag>false</PublicFlag>
				<PresentationFlag>false</PresentationFlag>
				<ShowLabel>false</ShowLabel>
				<DrawMode>SHAPE_DRAW_2D3D</DrawMode>
				<Length>100</Length>
				<Rotation>0</Rotation>
				<ScaleType>BASED_ON_LENGTH</ScaleType>
				<ModelLength>10</ModelLength>
				<LengthUnits>METER</LengthUnits>
				<Scale>10</Scale>
				<InheritedFromParentAgentType>true</InheritedFromParentAgentType>
			</ScaleRuler>
			<CurrentLevel>1583781195626</CurrentLevel>
			<ConnectionsId>1583781195680</ConnectionsId>
			<Variables>
				<Variable Class="PlainVariable">
					<Id>1583781195624</Id>
					<Name><![CDATA[partOfRoute]]></Name>
					<X>50</X><Y>150</Y>
					<Label><X>10</X><Y>0</Y></Label>
					<PublicFlag>false</PublicFlag>
					<PresentationFlag>true</PresentationFlag>
					<ShowLabel>true</ShowLabel>
					<Properties SaveInSnapshot="true" Constant="false" AccessType="public" StaticVariable="false">
						<Type><![CDATA[boolean]]></Type>        
						<InitialValue Class="CodeValue">
							<Code><![CDATA[false]]></Code>
						</InitialValue>
					</Properties>
				</Variable>
				<Variable Class="Parameter">
					<Id>1583781195675</Id>
					<Name><![CDATA[city]]></Name>
					<X>50</X><Y>50</Y>
					<Label><X>10</X><Y>0</Y></Label>
					<PublicFlag>false</PublicFlag>
					<PresentationFlag>true</PresentationFlag>
					<ShowLabel>true</ShowLabel>
					<Properties SaveInSnapshot="true" ModificatorType="STATIC">
						<Type><![CDATA[String]]></Type>
						<UnitType><![CDATA[NONE]]></UnitType>
						<SdArray>false</SdArray>
						<ParameterEditor>
							<Id>1583781195673</Id>
							<EditorContolType>TEXT_BOX</EditorContolType>
							<MinSliderValue><![CDATA[0]]></MinSliderValue>
							<MaxSliderValue><![CDATA[100]]></MaxSliderValue>
							<DelimeterType>NO_DELIMETER</DelimeterType>
						</ParameterEditor>
					</Properties>                 
				</Variable>
				<Variable Class="Parameter">
					<Id>1583781195678</Id>
					<Name><![CDATA[isHomeHub]]></Name>
					<X>50</X><Y>100</Y>
					<Label><X>10</X><Y>0</Y></Label>
					<PublicFlag>false</PublicFlag>
					<PresentationFlag>true</PresentationFlag>
					<ShowLabel>true</ShowLabel>
					<Properties SaveInSnapshot="true" ModificatorType="STATIC">
						<Type><![CDATA[boolean]]></Type>
						<UnitType><![CDATA[NONE]]></UnitType>
						<SdArray>false</SdArray>
						<DefaultValue Class="CodeValue">
							<Code><![CDATA[false]]></Code>
						</DefaultValue>
						<ParameterEditor>
							<Id>1583781195676</Id>
							<EditorContolType>CHECK_BOX</EditorContolType>
							<MinSliderValue><![CDATA[0]]></MinSliderValue>
							<MaxSliderValue><![CDATA[100]]></MaxSliderValue>
							<DelimeterType>NO_DELIMETER</DelimeterType>
						</ParameterEditor>
					</Properties>                 
				</Variable>
			</Variables>
			<Functions>
				<Function AccessType="public" StaticFunction="false">
					<ReturnModificator>RETURNS_VALUE</ReturnModificator>
					<ReturnType><![CDATA[String]]></ReturnType>
					<Id>1583781195622</Id>
					<Name><![CDATA[toString]]></Name>
					<X>-100</X><Y>50</Y>
					<Label><X>10</X><Y>0</Y></Label>
					<PublicFlag>false</PublicFlag>
					<PresentationFlag>true</PresentationFlag>
					<ShowLabel>true</ShowLabel>
					<Body><![CDATA[return String.format("%sHub[%s]", (isHomeHub ? "Home" : ""), city);]]></Body>
				</Function>
			</Functions>
			<AgentLinks>
				<AgentLink>
					<Id>1583781195680</Id>
					<Name><![CDATA[connections]]></Name>
					<X>50</X><Y>-50</Y>
					<Label><X>15</X><Y>0</Y></Label>
					<PublicFlag>false</PublicFlag>
